2293
31049
45452
8012
13531
9087
11381
9263
11902
18665
8079
2976
13161
13680
7350
23202
13649
4538
3638
9007
10201
11631
12133
13971
9502
4564
7446
15601
80321
83666
953
118
9427
14368
2639
2255
24662
18415
420139
48254
11676
1968
100
6435
10312
1389
944
9454
1934
11551
12902
17681
1832
4638
7326
1267
35
2062
8363
10761
11551
9820
37165
123338
2330
115
11932
8916
36568
2109
6435
167830
50124
10616
544
9441
11854
8697
310035
9487
889
15655
71
392
8859
10481
2332
15653
12609
19576
10393
12480
20770
8584
10471
243
5994
4244
2069
12107
5174
14324
1268
5559
4964
8363
810
35
2062
4638
8277
1267
9408
9757
6477
4523
7326
3563
9760
2976
10210
10490
128878
9430
11355
53168
18892
9824
6415
1832
10951
10212
10342
83965
16198
17681
9825
9564
332
9473
15655
10471
12609
12480
243
2069
20770
5994
889
4244
19576
71
8584
2332
12107
392
10481
15653
10393
8859
51533
46838
37056
32856
27573
25195
37786
38745
50727
23172
9007
8488
953
787
20760
9291
533
11283
7453
118
9820
9487
6435
36568
11551
10616
115
544
37165
52629
10193
37735
25195
47626
20352
38055
39514
13971
7446
11631
8488
953
25518
16355
128871
10218
41343
2925
9591
12254
262610
